
Number_Customers: 20
Mobile Factories (MF): 2
MF Capacity: 400
Customer Orders per Customer: 3, 3, 3, 3, 3, 3, 3, 3, 3, 3, 3, 3, 3, 3, 3, 3, 3, 3, 3, 3


Jobs	customer   proc	size	DD		Penalty
0		1		7		278		59		5
1		1		17		314		59		5
2		1		26		180		59		5
3		2		9		101		101		5
4		2		28		244		101		5
5		2		7		202		101		5
6		3		16		305		57		9
7		3		25		80		57		9
8		3		5		160		57		9
9		4		9		122		20		5
10		4		10		348		20		5
11		4		30		148		20		5
12		5		18		270		150		2
13		5		27		239		150		2
14		5		7		180		150		2
15		6		20		264		49		2
16		6		20		58		49		2
17		6		23		316		49		2
18		7		18		325		83		1
19		7		23		122		83		1
20		7		16		37		83		1
21		8		26		157		45		2
22		8		10		161		45		2
23		8		11		327		45		2
24		9		17		209		95		1
25		9		17		34		95		1
26		9		27		322		95		1
27		10		27		196		84		2
28		10		23		282		84		2
29		10		8		162		84		2
30		11		21		127		30		4
31		11		16		166		30		4
32		11		9		100		30		4
33		12		9		325		40		4
34		12		12		83		40		4
35		12		22		173		40		4
36		13		24		91		32		10
37		13		27		180		32		10
38		13		20		238		32		10
39		14		23		126		142		2
40		14		6		296		142		2
41		14		17		106		142		2
42		15		9		239		31		8
43		15		23		185		31		8
44		15		28		209		31		8
45		16		6		278		68		2
46		16		17		63		68		2
47		16		17		250		68		2
48		17		8		253		81		4
49		17		6		339		81		4
50		17		28		33		81		4
51		18		18		290		111		8
52		18		6		334		111		8
53		18		22		128		111		8
54		19		20		218		121		10
55		19		29		315		121		10
56		19		14		154		121		10
57		20		14		90		51		10
58		20		26		283		51		10
59		20		30		140		51		10


//Locations  (depot: ID=0)
CustomerID	X	Y
0	50	50
1	45	85
2	69	49
3	53	32
4	44	100
5	74	39
6	48	47
7	38	69
8	80	58
9	63	33
10	39	82
11	82	35
12	58	29
13	41	71
14	79	29
15	76	49
16	37	83
17	67	30
18	68	29
19	47	71
20	71	37

//Setup Times
SetupBetweenBatches (Setup_B):      2
SetupTimeMobileFactory (Setup_MF):  12
TravelTimePerDistance:              1

//Costs
CostType	Value
MobileFactoryRelocation:	200
MobileFactorySetup:     	5
DeliveryCost:           	2
InitialMFCost:              2000
