
Number_Customers: 20
Mobile Factories (MF): 5
MF Capacity: 400
Customer Orders per Customer: 3, 3, 3, 3, 3, 3, 3, 3, 3, 3, 3, 3, 3, 3, 3, 3, 3, 3, 3, 3


Jobs	customer   proc	size	DD		Penalty
0		1		7		296		69		8
1		1		20		49		69		8
2		1		21		178		69		8
3		2		16		279		70		2
4		2		8		309		70		2
5		2		8		284		70		2
6		3		14		82		74		6
7		3		18		329		74		6
8		3		22		76		74		6
9		4		12		290		60		3
10		4		26		63		60		3
11		4		6		328		60		3
12		5		13		136		136		8
13		5		19		67		136		8
14		5		10		217		136		8
15		6		12		43		116		8
16		6		13		63		116		8
17		6		12		258		116		8
18		7		17		330		59		7
19		7		22		164		59		7
20		7		10		240		59		7
21		8		17		119		83		4
22		8		6		309		83		4
23		8		22		179		83		4
24		9		25		74		138		6
25		9		19		268		138		6
26		9		13		228		138		6
27		10		26		147		120		6
28		10		30		82		120		6
29		10		14		297		120		6
30		11		20		319		105		9
31		11		20		270		105		9
32		11		15		115		105		9
33		12		9		140		137		3
34		12		12		196		137		3
35		12		8		106		137		3
36		13		9		45		141		9
37		13		23		48		141		9
38		13		21		244		141		9
39		14		20		272		53		7
40		14		16		236		53		7
41		14		16		55		53		7
42		15		27		78		47		8
43		15		18		337		47		8
44		15		9		52		47		8
45		16		27		288		50		7
46		16		16		218		50		7
47		16		26		225		50		7
48		17		6		73		148		10
49		17		22		61		148		10
50		17		20		127		148		10
51		18		9		311		138		7
52		18		5		219		138		7
53		18		11		316		138		7
54		19		11		292		66		4
55		19		20		240		66		4
56		19		22		308		66		4
57		20		6		286		111		10
58		20		28		298		111		10
59		20		9		339		111		10


//Locations  (depot: ID=0)
CustomerID	X	Y
0	50	50
1	37	72
2	98	32
3	4	17
4	25	93
5	95	62
6	86	68
7	14	32
8	60	69
9	81	1
10	10	33
11	24	28
12	83	65
13	18	34
14	82	37
15	36	19
16	90	9
17	16	13
18	1	38
19	95	86
20	1	79

//Setup Times
SetupBetweenBatches (Setup_B):      2
SetupTimeMobileFactory (Setup_MF):  12
TravelTimePerDistance:              1

//Costs
CostType	Value
MobileFactoryRelocation:	200
MobileFactorySetup:     	5
DeliveryCost:           	2
InitialMFCost:              2000
