
Number_Customers: 20
Mobile Factories (MF): 2
MF Capacity: 400
Customer Orders per Customer: 3, 3, 3, 3, 3, 3, 3, 3, 3, 3, 3, 3, 3, 3, 3, 3, 3, 3, 3, 3


Jobs	customer   proc	size	DD		Penalty
0		1		5		82		138		8
1		1		23		141		138		8
2		1		28		335		138		8
3		2		9		218		38		2
4		2		20		350		38		2
5		2		11		328		38		2
6		3		13		344		74		5
7		3		27		80		74		5
8		3		23		48		74		5
9		4		14		64		141		3
10		4		21		227		141		3
11		4		23		180		141		3
12		5		9		101		101		5
13		5		28		244		101		5
14		5		7		202		101		5
15		6		16		305		57		9
16		6		25		80		57		9
17		6		5		160		57		9
18		7		9		122		20		5
19		7		10		348		20		5
20		7		30		148		20		5
21		8		18		270		150		2
22		8		27		239		150		2
23		8		7		180		150		2
24		9		20		264		49		2
25		9		20		58		49		2
26		9		23		316		49		2
27		10		18		325		83		1
28		10		23		122		83		1
29		10		16		37		83		1
30		11		26		157		45		2
31		11		10		161		45		2
32		11		11		327		45		2
33		12		17		209		95		1
34		12		17		34		95		1
35		12		27		322		95		1
36		13		27		196		84		2
37		13		23		282		84		2
38		13		8		162		84		2
39		14		21		127		30		4
40		14		16		166		30		4
41		14		9		100		30		4
42		15		9		325		40		4
43		15		12		83		40		4
44		15		22		173		40		4
45		16		24		91		32		10
46		16		27		180		32		10
47		16		20		238		32		10
48		17		23		126		142		2
49		17		6		296		142		2
50		17		17		106		142		2
51		18		9		239		31		8
52		18		23		185		31		8
53		18		28		209		31		8
54		19		6		278		68		2
55		19		17		63		68		2
56		19		17		250		68		2
57		20		8		253		81		4
58		20		6		339		81		4
59		20		28		33		81		4


//Locations  (depot: ID=0)
CustomerID	X	Y
0	50	50
1	49	89
2	57	49
3	40	78
4	73	43
5	81	12
6	100	15
7	83	38
8	89	68
9	91	67
10	38	22
11	29	22
12	81	2
13	26	46
14	8	79
15	16	90
16	100	4
17	25	19
18	61	57
19	68	43
20	64	8

//Setup Times
SetupBetweenBatches (Setup_B):      2
SetupTimeMobileFactory (Setup_MF):  12
TravelTimePerDistance:              1

//Costs
CostType	Value
MobileFactoryRelocation:	200
MobileFactorySetup:     	5
DeliveryCost:           	2
InitialMFCost:              2000
