
Number_Customers: 20
Mobile Factories (MF): 5
MF Capacity: 400
Customer Orders per Customer: 3, 3, 3, 3, 3, 3, 3, 3, 3, 3, 3, 3, 3, 3, 3, 3, 3, 3, 3, 3


Jobs	customer   proc	size	DD		Penalty
0		1		12		290		60		3
1		1		26		63		60		3
2		1		6		328		60		3
3		2		13		136		136		8
4		2		19		67		136		8
5		2		10		217		136		8
6		3		12		43		116		8
7		3		13		63		116		8
8		3		12		258		116		8
9		4		17		330		59		7
10		4		22		164		59		7
11		4		10		240		59		7
12		5		17		119		83		4
13		5		6		309		83		4
14		5		22		179		83		4
15		6		25		74		138		6
16		6		19		268		138		6
17		6		13		228		138		6
18		7		26		147		120		6
19		7		30		82		120		6
20		7		14		297		120		6
21		8		20		319		105		9
22		8		20		270		105		9
23		8		15		115		105		9
24		9		9		140		137		3
25		9		12		196		137		3
26		9		8		106		137		3
27		10		9		45		141		9
28		10		23		48		141		9
29		10		21		244		141		9
30		11		20		272		53		7
31		11		16		236		53		7
32		11		16		55		53		7
33		12		27		78		47		8
34		12		18		337		47		8
35		12		9		52		47		8
36		13		27		288		50		7
37		13		16		218		50		7
38		13		26		225		50		7
39		14		6		73		148		10
40		14		22		61		148		10
41		14		20		127		148		10
42		15		9		311		138		7
43		15		5		219		138		7
44		15		11		316		138		7
45		16		11		292		66		4
46		16		20		240		66		4
47		16		22		308		66		4
48		17		6		286		111		10
49		17		28		298		111		10
50		17		9		339		111		10
51		18		17		148		85		5
52		18		22		101		85		5
53		18		24		262		85		5
54		19		8		209		118		7
55		19		22		307		118		7
56		19		21		250		118		7
57		20		27		340		56		6
58		20		28		176		56		6
59		20		22		205		56		6


//Locations  (depot: ID=0)
CustomerID	X	Y
0	50	50
1	42	57
2	32	22
3	55	76
4	42	71
5	43	18
6	73	83
7	35	76
8	37	27
9	62	87
10	45	72
11	35	14
12	56	76
13	39	71
14	20	24
15	66	71
16	38	68
17	41	31
18	67	81
19	27	77
20	41	31

//Setup Times
SetupBetweenBatches (Setup_B):      2
SetupTimeMobileFactory (Setup_MF):  12
TravelTimePerDistance:              1

//Costs
CostType	Value
MobileFactoryRelocation:	200
MobileFactorySetup:     	5
DeliveryCost:           	2
InitialMFCost:              2000
